200 237 
816 682 
765 457 
852 352 
501 313 
1014 290 
405 568 
816 481 
648 224 
918 338 
1036 46 
124 390 
908 466 
604 317 
668 698 
995 190 
261 101 
324 480 
714 649 
734 442 
759 503 
114 532 
79 591 
48 547 
637 507 
831 621 
178 194 
1055 614 
192 42 
169 300 
252 674 
741 393 
318 349 
532 164 
788 439 
853 639 
347 630 
353 533 
333 546 
872 32 
543 249 
62 445 
974 188 
375 457 
389 243 
324 559 
1018 581 
850 567 
636 488 
226 419 
1091 641 
430 209 
143 160 
756 436 
579 531 
1109 386 
271 355 
669 162 
524 616 
1068 695 
941 655 
752 627 
204 373 
1049 303 
620 104 
756 297 
80 696 
924 343 
169 641 
886 362 
222 222 
763 23 
653 497 
871 261 
990 470 
216 270 
225 560 
898 588 
202 124 
396 507 
184 113 
527 206 
794 156 
33 205 
613 110 
128 208 
1011 283 
667 695 
301 54 
629 290 
312 588 
703 608 
1041 683 
506 23 
101 153 
333 112 
933 231 
768 418 
502 278 
1056 221 
898 362 
445 31 
198 61 
164 231 
1015 564 
1119 644 
1012 245 
212 645 
163 549 
31 66 
762 644 
967 102 
413 534 
589 243 
733 626 
806 693 
293 135 
852 642 
879 87 
1035 613 
113 500 
841 39 
675 154 
1101 645 
97 33 
917 66 
574 446 
182 233 
785 614 
893 224 
648 546 
557 167 
354 477 
29 666 
777 167 
529 408 
1050 423 
568 644 
65 646 
266 148 
822 609 
523 89 
432 170 
825 355 
103 80 
903 212 
469 437 
1085 36 
450 121 
237 653 
366 227 
527 468 
375 465 
186 37 
271 120 
582 609 
569 565 
598 58 
189 377 
858 545 
716 80 
714 466 
873 382 
92 692 
332 312 
748 234 
748 176 
44 119 
163 677 
513 349 
950 280 
509 115 
966 160 
576 654 
488 618 
210 413 
623 29 
392 687 
764 625 
970 530 
947 332 
1084 297 
549 472 
592 510 
441 531 
938 159 
923 38 
710 316 
82 33 
559 178 
1008 428 
958 608 
1101 114 
363 30 
550 98 
815 132 
565 420 
846 247 
66 331 
90 459 
211 605 
867 156 
608 291 
371 635 
68 26 
358 667 
512 468 
351 93 
554 391 
587 493 
380 186 
523 422 
939 163 
929 262 
970 55 
709 157 
520 18 
300 421 
995 113 
1120 609 
417 143 
822 412 
200 149 
486 400 
1119 202 
758 383 
843 415 
1057 567 
1022 211 
165 35 
577 336 
333 123 
994 125 
407 559 
713 386 
464 440 
121 528 
140 526 
33 228 
936 186 
44 300 
48 25 
405 66 
521 71 
1086 118 
1078 454 
305 198 
713 467 
603 565 
688 331 
858 219 
1013 95 
755 165 
363 636 
355 466 
122 196 
484 536 
679 270 
381 566 
1119 603 
939 201 
612 384 
548 109 
87 207 
983 212 
882 395 
434 142 
430 54 
397 100 
408 429 
256 243 
957 548 
1039 264 
884 302 
410 176 
734 444 
559 213 
392 501 
895 332 
495 309 
791 682 
243 132 
1062 101 
757 593 
1091 562 
944 563 
171 373 
44 272 
754 425 
994 497 
94 350 
360 252 
953 660 
898 178 
772 336 
422 621 
588 447 
209 378 
518 158 
378 668 
